13810525285
17600850669
13148408968
15911013893
15201082896
13521505074
15201688213
15711291755
18810324556
15210637459
18600989030
13581913818
18510258037
15101013290
15201594661
13161781368
15501191752
15701288783
15210814721
18910657501
15010888966
13126601212
15110298490
13370126377
18518917543
15522613388
18513506412
15600697337
13520411621
13801273772
18501954232
13810054604
15810481350
18511575501
18611864740
13936320312
18612643084
18611784232
13911593642
15201031484
15010199283
18600915903
18810950710
13381263126
13681086557
